# Podzial grafu na 2 czesci
# Liczba wierzcholkow: 18
# Liczba przecietych krawedzi: 22

# Macierz sasiedztwa:
[0. 0. 0. 0. 0. 0. 0. 0. 0. 0. 0. 0. 0. 0. 0. 0. 0. 0.]
[0. 0. 0. 1. 0. 1. 1. 0. 0. 1. 1. 0. 0. 1. 1. 1. 0. 0.]
[0. 0. 0. 0. 0. 0. 0. 0. 0. 0. 1. 0. 1. 0. 0. 1. 0. 0.]
[0. 0. 0. 0. 1. 1. 0. 1. 1. 1. 0. 0. 1. 0. 1. 0. 0. 0.]
[0. 0. 0. 0. 1. 0. 0. 0. 1. 1. 1. 1. 1. 1. 1. 1. 0. 0.]
[0. 1. 1. 1. 0. 0. 0. 1. 0. 1. 0. 0. 0. 1. 0. 1. 1. 0.]
[0. 1. 0. 1. 0. 1. 0. 0. 0. 0. 1. 1. 1. 0. 0. 0. 0. 0.]
[1. 0. 1. 1. 0. 0. 0. 1. 0. 1. 0. 0. 0. 1. 0. 0. 0. 0.]
[0. 1. 0. 0. 0. 1. 1. 0. 1. 0. 1. 1. 1. 1. 0. 1. 1. 0.]
[1. 1. 0. 0. 1. 1. 0. 1. 1. 1. 0. 1. 1. 1. 0. 0. 0. 0.]
[0. 0. 0. 0. 0. 0. 0. 0. 0. 0. 0. 0. 0. 0. 0. 0. 0. 0.]
[1. 0. 1. 1. 0. 1. 1. 0. 0. 0. 1. 1. 1. 0. 0. 1. 0. 0.]
[0. 0. 1. 0. 0. 0. 1. 0. 0. 0. 0. 1. 0. 1. 1. 0. 1. 0.]
[0. 0. 1. 1. 0. 1. 1. 0. 0. 1. 0. 0. 1. 1. 1. 0. 0. 0.]
[0. 0. 0. 0. 0. 0. 0. 0. 0. 0. 0. 0. 0. 0. 0. 0. 0. 0.]
[0. 0. 0. 1. 0. 1. 0. 0. 0. 1. 0. 0. 1. 0. 0. 0. 0. 0.]
[1. 0. 1. 0. 0. 0. 0. 0. 0. 0. 0. 0. 1. 0. 1. 0. 0. 0.]
[0. 0. 1. 1. 0. 0. 0. 1. 0. 0. 1. 1. 1. 0. 1. 0. 0. 0.]

# Lista przypisan wierzcholkow do czesci:
# Format: <id_wierzcholka> - <id_czesci>
0 - 0
1 - 1
2 - 0
3 - 1
4 - 1
5 - 1
6 - 1
7 - 1
8 - 1
9 - 1
10 - 0
11 - 0
12 - 0
13 - 1
14 - 0
15 - 1
16 - 0
17 - 0
